  0.00  39.00
  1.00  39.00
  2.00  39.00
  3.00  39.00
  4.00  39.00
  5.00  39.00
  6.00  39.00
  7.00  39.00
  8.00  39.00
  9.00  39.00
 10.00  39.00
 11.00  39.00
 12.00  39.00
 13.00  39.00
 14.00  39.00
 15.00  39.00
 16.00  39.00
 17.00  39.00
 18.00  39.00
 19.00  39.00
 20.00  39.00
 21.00  39.00
 22.00  39.00
 23.00  39.00
 24.00  39.00
 25.00  39.00
 26.00  39.00
 27.00  39.00
 28.00  39.00
 29.00  39.00
 30.00  39.00
 31.00  39.00
 32.00  39.00
 33.00  39.00
 34.00  39.00
 35.00  39.00
 36.00  39.00
 37.00  39.00
 38.00  39.00
 39.00  39.00
 39.00   0.00
 39.00   1.00
 39.00   2.00
 39.00   3.00
 39.00   4.00
 39.00   5.00
 39.00   6.00
 39.00   7.00
 39.00   8.00
 39.00   9.00
 39.00  10.00
 39.00  11.00
 39.00  12.00
 39.00  13.00
 39.00  14.00
 39.00  15.00
 39.00  16.00
 39.00  17.00
 39.00  18.00
 39.00  19.00
 39.00  20.00
 39.00  21.00
 39.00  22.00
 39.00  23.00
 39.00  24.00
 39.00  25.00
 39.00  26.00
 39.00  27.00
 39.00  28.00
 39.00  29.00
 39.00  30.00
 39.00  31.00
 39.00  32.00
 39.00  33.00
 39.00  34.00
 39.00  35.00
 39.00  36.00
 39.00  37.00
 39.00  38.00
 39.00  39.00
